line
12
18
31
40
55
60
74
86
97
102
113
125
135
139
146
152
161
171
184
187
203
218
232
234
240
245
254
263
279
290
297
310
321
335
337
352
361
369
375
389
395
404
417
419
429
434
443
459
475
477
483
498
507
517
531
547
554
558
568
570
572
583
586
600
602
613
625
629
643
659
661
674
680
687
702
705
717
722
725
736
744
748
760
765
774
782
791
797
800
811
821
833
838
850
866
877
886
890
906
908
920
925
938
953
959
971
985
1001
1013
1029
1040
1046
1053
1067
1074
1089
1102
1115
1117
1129
1131
1144
1158
1174
1178
1181
1193
1202
1212
1220
1230
1234
1250
1253
1255
1267
1279
1284
1287
1293
1307
1313
1319
1323
1328
1341
1345
1358
1361
1375
1377
1380
1390
1393
1407
1412
1424
1436
1439
1452
1465
1474
1490
1503
1508
1515
1517
1526
1536
1541
1549
1551
1553
1569
1583
1590
1605
1613
1624
1626
1636
1638
1641
1648
1662
1671
1684
1696
1708
1724
1738
1753
1767
1782
1797
1804
1819
1822
1831
1840
1851
1857
1860
1867
1879
1894
1900
1916
1932
1939
1941
1946
1952
1955
1962
1965
1977
1987
2003
2015
2018
2032
2042
2046
2059
2068
2082
2088
2095
2103
2114
2120
2124
2129
2133
2137
2152
2158
2168
2175
2185
2194
2204
2218
2222
2228
2234
2242
2252
